0 25 127 40 0.001
127 126 0 -43.746 2978.510
122 121 0 -43.746 2978.510
117 116 0 -43.746 2978.510
112 111 0 -43.746 2978.510
107 106 0 -43.746 2978.510
102 101 0 -43.746 2978.510
97 96 0 -43.746 2978.510
92 91 0 -43.746 2978.510
87 86 0 -43.746 2978.510
82 81 0 -43.746 2978.510
77 76 0 -43.746 2978.510
72 71 0 -43.746 2978.510
67 66 0 -43.746 2978.510
62 61 0 -43.746 2978.510
57 56 0 -43.746 2978.510
52 51 0 -43.746 2978.510
47 46 0 -43.746 2978.510
42 41 0 -43.746 2978.510
37 36 0 -43.746 2978.510
32 31 0 -43.746 2978.510
27 26 0 -43.746 2978.510
22 21 0 -43.746 2978.510
17 16 0 -43.746 2978.510
12 11 0 -43.746 2978.510
7 6 0 -43.746 2978.510
126 125 2.041
125 124 2.041
124 123 2.041
123 122 2.041
121 120 2.041
120 119 2.041
119 118 2.041
118 117 2.041
116 115 2.041
115 114 2.041
114 113 2.041
113 112 2.041
111 110 2.041
110 109 2.041
109 108 2.041
108 107 2.041
106 105 2.041
105 104 2.041
104 103 2.041
103 102 2.041
101 100 2.041
100 99 2.041
99 98 2.041
98 97 2.041
96 95 2.041
95 94 2.041
94 93 2.041
93 92 2.041
91 90 2.041
90 89 2.041
89 88 2.041
88 87 2.041
86 85 2.041
85 84 2.041
84 83 2.041
83 82 2.041
81 80 2.041
80 79 2.041
79 78 2.041
78 77 2.041
76 75 2.041
75 74 2.041
74 73 2.041
73 72 2.041
71 70 2.041
70 69 2.041
69 68 2.041
68 67 2.041
66 65 2.041
65 64 2.041
64 63 2.041
63 62 2.041
61 60 2.041
60 59 2.041
59 58 2.041
58 57 2.041
56 55 2.041
55 54 2.041
54 53 2.041
53 52 2.041
51 50 2.041
50 49 2.041
49 48 2.041
48 47 2.041
46 45 2.041
45 44 2.041
44 43 2.041
43 42 2.041
41 40 2.041
40 39 2.041
39 38 2.041
38 37 2.041
36 35 2.041
35 34 2.041
34 33 2.041
33 32 2.041
31 30 2.041
30 29 2.041
29 28 2.041
28 27 2.041
26 25 2.041
25 24 2.041
24 23 2.041
23 22 2.041
21 20 2.041
20 19 2.041
19 18 2.041
18 17 2.041
16 15 2.041
15 14 2.041
14 13 2.041
13 12 2.041
11 10 2.041
10 9 2.041
9 8 2.041
8 7 2.041
6 5 2.041
5 4 2.041
4 3 2.041
3 2 1.021
2 1 1.021
3 1 908.880
4 1 908.880
5 1 908.880
7 1 908.880
8 1 908.880
9 1 908.880
10 1 908.880
12 1 908.880
13 1 908.880
14 1 908.880
15 1 908.880
17 1 908.880
18 1 908.880
19 1 908.880
20 1 908.880
22 1 908.880
23 1 908.880
24 1 908.880
25 1 908.880
27 1 908.880
28 1 908.880
29 1 908.880
30 1 908.880
32 1 908.880
33 1 908.880
34 1 908.880
35 1 908.880
37 1 908.880
38 1 908.880
39 1 908.880
40 1 908.880
42 1 908.880
43 1 908.880
44 1 908.880
45 1 908.880
47 1 908.880
48 1 908.880
49 1 908.880
50 1 908.880
52 1 908.880
53 1 908.880
54 1 908.880
55 1 908.880
57 1 908.880
58 1 908.880
59 1 908.880
60 1 908.880
62 1 908.880
63 1 908.880
64 1 908.880
65 1 908.880
67 1 908.880
68 1 908.880
69 1 908.880
70 1 908.880
72 1 908.880
73 1 908.880
74 1 908.880
75 1 908.880
77 1 908.880
78 1 908.880
79 1 908.880
80 1 908.880
82 1 908.880
83 1 908.880
84 1 908.880
85 1 908.880
87 1 908.880
88 1 908.880
89 1 908.880
90 1 908.880
92 1 908.880
93 1 908.880
94 1 908.880
95 1 908.880
97 1 908.880
98 1 908.880
99 1 908.880
100 1 908.880
102 1 908.880
103 1 908.880
104 1 908.880
105 1 908.880
107 1 908.880
108 1 908.880
109 1 908.880
110 1 908.880
112 1 908.880
113 1 908.880
114 1 908.880
115 1 908.880
117 1 908.880
118 1 908.880
119 1 908.880
120 1 908.880
122 1 908.880
123 1 908.880
124 1 908.880
125 1 908.880
127 1 0.0000010