  
 ------------------------------------------
 solution obtained at iteration no          12
 -----------------------------------------
 br.no org.n ter.n     p(o)      p(t)     flow        resist       flow
                       (Pa)      (Pa)    (m3/s)       (Ns2/m8)     (m3/min)
  

  1    55    54         .0     1364.4      6.07       .00000       364.5

  2    38    37     -549.8     1098.3      5.51       .00000       330.9

  3    30    29     -523.4     1124.8      5.51       .00000       330.9

  4    54    53     1364.4      667.1      6.07     18.90000       364.5

  5    53    52      667.1      326.0      4.25     18.90000       254.9

  6    52    51      326.0      159.2      2.97     18.90000       178.3

  7    51    50      159.2       77.5      2.08     18.90000       124.7

  8    50    49       77.5       37.4      1.46     18.90000        87.4

  9    49    48       37.4       17.6      1.02     18.90000        61.4

 10    48    47       17.6        7.6       .73     18.90000        43.6

 11    47    46        7.6        2.3       .53     18.90000        31.9

 12    46    45        2.3       -1.1       .42     18.90000        25.4

 13    45    44       -1.1       -5.7       .50     18.90000        29.8

 14    44    43       -5.7      -14.1       .67     18.90000        40.0

 15    43    42      -14.1      -30.6       .93     18.90000        56.0

 16    42    41      -30.6      -63.7      1.32     18.90000        79.4

 17    41    40      -63.7     -131.1      1.89     18.90000       113.3

 18    40    39     -131.1     -268.6      2.70     18.90000       161.9

 19    39    38     -268.6     -549.8      3.86     18.90000       231.4

 20    37    36     1098.3      523.4      5.51     18.90000       330.9

 21    36    35      523.4      236.4      3.90     18.90000       233.8

 22    35    34      236.4       87.3      2.81     18.90000       168.6

 23    34    33       87.3         .0      2.15     18.90000       128.9

 24    33    32         .0      -87.2      2.15     18.90000       128.9

 25    32    31      -87.2     -236.4      2.81     18.90000       168.6

 26    31    30     -236.4     -523.4      3.90     18.90000       233.8

 27    29    28     1124.8      550.0      5.51     18.90000       330.9

 28    28    27      550.0      268.9      3.86     18.90000       231.4

 29    27    26      268.9      131.5      2.70     18.90000       161.8

 30    26    25      131.5       64.3      1.89     18.90000       113.1

 31    25    24       64.3       31.4      1.32     18.90000        79.1

 32    24    23       31.4       15.4       .92     18.90000        55.3

 33    23    22       15.4        7.5       .64     18.90000        38.7

 34    22    21        7.5        3.7       .45     18.90000        27.1

 35    21    20        3.7        1.8       .32     18.90000        18.9

 36    20    19        1.8         .9       .22     18.90000        13.2

 37    19    18         .9         .4       .15     18.90000         9.3

 38    18    17         .4         .2       .11     18.90000         6.5

 39    17    16         .2         .1       .08     18.90000         4.5

 40    16    15         .1         .1       .05     18.90000         3.2

 41    15    14         .1         .0       .04     18.90000         2.2

 42    14    13         .0         .0       .03     18.90000         1.5

 43    13    12         .0         .0       .02     18.90000         1.1

 44    12    11         .0         .0       .01     18.90000          .8

 45    11    10         .0         .0       .01     18.90000          .5

 46    10     9         .0         .0       .01     18.90000          .4

 47     9     8         .0         .0       .00     18.90000          .3

 48     8     7         .0         .0       .00     18.90000          .2

 49     7     6         .0         .0       .00     18.90000          .1

 50     6     5         .0         .0       .00     18.90000          .1

 51     5     4         .0         .0       .00     18.90000          .1

 52     4     3         .0         .0       .00     18.90000          .0

 53     3     2         .0         .0       .00      9.45000          .0

 54     2     1         .0         .0       .00      9.45000          .0

 55     3     1         .0         .0       .00    200.00000          .0

 56     4     1         .0         .0       .00    200.00000          .0

 57     5     1         .0         .0       .00    200.00000          .0

 58     6     1         .0         .0       .00    200.00000          .0

 59     7     1         .0         .0       .00    200.00000          .1

 60     8     1         .0         .0       .00    200.00000          .1

 61     9     1         .0         .0       .00    200.00000          .1

 62    10     1         .0         .0       .00    200.00000          .2

 63    11     1         .0         .0       .00    200.00000          .2

 64    12     1         .0         .0       .01    200.00000          .3

 65    13     1         .0         .0       .01    200.00000          .5

 66    14     1         .0         .0       .01    200.00000          .7

 67    15     1         .1         .0       .02    200.00000         1.0

 68    16     1         .1         .0       .02    200.00000         1.4

 69    17     1         .2         .0       .03    200.00000         1.9

 70    18     1         .4         .0       .05    200.00000         2.8

 71    19     1         .9         .0       .07    200.00000         4.0

 72    20     1        1.8         .0       .09    200.00000         5.7

 73    21     1        3.7         .0       .14    200.00000         8.1

 74    22     1        7.5         .0       .19    200.00000        11.6

 75    23     1       15.4         .0       .28    200.00000        16.6

 76    24     1       31.4         .0       .40    200.00000        23.8

 77    25     1       64.3         .0       .57    200.00000        34.0

 78    26     1      131.5         .0       .81    200.00000        48.7

 79    27     1      268.9         .0      1.16    200.00000        69.6

 80    28     1      550.0         .0      1.66    200.00000        99.5

 81    30     1     -523.4         .0     -1.62    200.00000       -97.1

 82    31     1     -236.4         .0     -1.09    200.00000       -65.2

 83    32     1      -87.2         .0      -.66    200.00000       -39.6

 84    33     1         .0         .0       .00    200.00000          .0

 85    34     1       87.3         .0       .66    200.00000        39.6

 86    35     1      236.4         .0      1.09    200.00000        65.2

 87    36     1      523.4         .0      1.62    200.00000        97.1

 88    38     1     -549.8         .0     -1.66    200.00000       -99.5

 89    39     1     -268.6         .0     -1.16    200.00000       -69.5

 90    40     1     -131.1         .0      -.81    200.00000       -48.6

 91    41     1      -63.7         .0      -.56    200.00000       -33.9

 92    42     1      -30.6         .0      -.39    200.00000       -23.5

 93    43     1      -14.1         .0      -.27    200.00000       -16.0

 94    44     1       -5.7         .0      -.17    200.00000       -10.2

 95    45     1       -1.1         .0      -.07    200.00000        -4.4

 96    46     1        2.3         .0       .11    200.00000         6.5

 97    47     1        7.6         .0       .20    200.00000        11.7

 98    48     1       17.6         .0       .30    200.00000        17.8

 99    49     1       37.4         .0       .43    200.00000        26.0

100    50     1       77.5         .0       .62    200.00000        37.4

101    51     1      159.2         .0       .89    200.00000        53.5

102    52     1      326.0         .0      1.28    200.00000        76.6

103    53     1      667.1         .0      1.83    200.00000       109.6

104    55     1         .0         .0     -6.07       .00000      -364.5
  
  
 ---------------------------------------------------
